79,52
79,51
79,50
79,49
79,48
79,47
79,46
79,45
79,44
79,43
79,42
79,41
79,40
79,39
79,38
79,37
79,36
79,35
0,515
85,3
85,2
85,1
85,0
84,4
84,3
84,2
84,1
84,0
83,3
83,2
83,1
83,0
82,4
82,3
82,2
82,1
82,0
81,5
81,4
81,3
81,2
81,1
81,0
80,3
80,2
80,1
80,0
0,9
10,286
10,82
10,80
10,34
10,298
10,68
10,208
11,12
8,4
77,3
77,2
77,1
77,0
76,4
76,3
76,2
76,1
76,0
75,3
75,2
75,1
75,0
74,4
74,3
74,2
74,1
74,0
73,3
73,2
73,1
73,0
65,3
65,2
65,1
65,0
20,3
20,2
20,1
19,3
19,2
19,1
18,3
18,1
14,3
14,1
13,3
13,1
12,3
12,2
12,1
11,29
11,28
11,26
11,25
11,24
11,22
11,20
11,19
11,18
11,17
11,14
11,13
11,10
11,6
11,4
11,3
11,2
11,1
10,275
10,218
10,216
10,185
